0.000 0.000 1.000 0.000 0.000 0.000 0.000 0.000 0.000
0.000 0.000 1.000 0.001 0.001 0.000 0.052 0.054 0.000
0.000 0.000 1.000 0.005 0.005 0.000 0.099 0.101 0.000
0.001 0.001 1.000 0.011 0.011 0.000 0.141 0.144 0.000
0.001 0.001 1.000 0.019 0.020 0.000 0.177 0.181 0.000
0.003 0.003 1.000 0.029 0.029 0.000 0.209 0.214 0.000
0.004 0.004 1.000 0.040 0.041 0.000 0.237 0.241 0.000
0.007 0.007 1.000 0.052 0.054 0.000 0.260 0.265 0.000
0.009 0.010 1.000 0.066 0.067 0.000 0.279 0.284 0.000
0.013 0.013 1.000 0.080 0.082 0.000 0.294 0.298 0.000
0.018 0.018 1.000 0.095 0.097 0.000 0.305 0.309 0.000
0.023 0.023 1.000 0.111 0.113 0.000 0.314 0.317 0.000
0.029 0.029 1.000 0.127 0.129 0.000 0.319 0.321 0.000
0.035 0.036 1.000 0.143 0.145 0.000 0.321 0.322 0.000
0.043 0.044 1.000 0.159 0.161 0.000 0.321 0.319 0.000
0.051 0.052 1.000 0.175 0.177 0.000 0.318 0.315 0.000
0.060 0.061 1.000 0.190 0.192 0.000 0.313 0.307 0.000
0.070 0.071 1.000 0.206 0.207 0.000 0.307 0.298 0.000
0.081 0.082 1.000 0.221 0.222 0.000 0.298 0.286 0.000
0.092 0.093 1.000 0.236 0.236 0.000 0.289 0.272 0.000
0.104 0.106 1.000 0.250 0.249 0.000 0.278 0.257 0.000
0.117 0.118 1.000 0.264 0.262 0.000 0.266 0.241 0.000
0.131 0.132 1.000 0.277 0.273 0.000 0.253 0.223 0.000
0.145 0.146 1.000 0.289 0.284 0.000 0.240 0.204 0.000
0.160 0.160 1.000 0.301 0.294 0.000 0.227 0.185 0.000
0.175 0.175 1.000 0.312 0.302 0.000 0.214 0.165 0.000
0.191 0.190 1.000 0.322 0.310 0.000 0.201 0.144 0.000
0.207 0.206 1.000 0.332 0.317 0.000 0.188 0.124 0.000
0.224 0.222 1.000 0.341 0.322 0.000 0.176 0.103 0.000
0.241 0.238 1.000 0.349 0.327 0.000 0.164 0.082 0.000
0.259 0.255 1.000 0.357 0.331 0.000 0.152 0.062 0.000
0.277 0.271 1.000 0.364 0.333 0.000 0.140 0.041 0.000
0.295 0.288 1.000 0.371 0.335 0.000 0.129 0.020 0.000
0.314 0.305 1.000 0.377 0.335 0.000 0.118 -0.001 0.000
0.333 0.321 1.000 0.383 0.335 0.000 0.107 -0.021 0.000
0.352 0.338 1.000 0.388 0.333 0.000 0.096 -0.042 0.000
0.372 0.355 1.000 0.393 0.330 0.000 0.086 -0.062 0.000
0.392 0.371 1.000 0.397 0.327 0.000 0.075 -0.082 0.000
0.412 0.387 1.000 0.400 0.322 0.000 0.065 -0.101 0.000
0.432 0.403 1.000 0.403 0.317 0.000 0.056 -0.120 0.000
0.452 0.419 1.000 0.406 0.310 0.000 0.046 -0.139 0.000
0.472 0.434 1.000 0.408 0.303 0.000 0.037 -0.156 0.000
0.493 0.449 1.000 0.409 0.295 0.000 0.028 -0.174 0.000
0.513 0.464 1.000 0.411 0.286 0.000 0.019 -0.190 0.000
0.534 0.478 1.000 0.411 0.276 0.000 0.011 -0.206 0.000
0.554 0.491 1.000 0.412 0.265 0.000 0.002 -0.222 0.000
0.575 0.504 1.000 0.412 0.253 0.000 -0.006 -0.236 0.000
0.595 0.517 1.000 0.411 0.241 0.000 -0.014 -0.250 0.000
0.616 0.528 1.000 0.410 0.229 0.000 -0.021 -0.262 0.000
0.636 0.540 1.000 0.409 0.215 0.000 -0.029 -0.274 0.000
0.657 0.550 1.000 0.407 0.201 0.000 -0.036 -0.284 0.000
0.677 0.560 1.000 0.405 0.187 0.000 -0.043 -0.294 0.000
0.697 0.569 1.000 0.403 0.172 0.000 -0.050 -0.302 0.000
0.717 0.577 1.000 0.400 0.157 0.000 -0.057 -0.310 0.000
0.737 0.584 1.000 0.397 0.141 0.000 -0.063 -0.316 0.000
0.757 0.591 1.000 0.394 0.125 0.000 -0.069 -0.321 0.000
0.777 0.597 1.000 0.390 0.109 0.000 -0.075 -0.326 0.000
0.796 0.602 1.000 0.386 0.092 0.000 -0.081 -0.329 0.000
0.815 0.606 1.000 0.382 0.076 0.000 -0.087 -0.332 0.000
0.834 0.609 1.000 0.378 0.059 0.000 -0.092 -0.334 0.000
0.853 0.612 1.000 0.373 0.042 0.000 -0.098 -0.335 0.000
0.872 0.614 1.000 0.368 0.026 0.000 -0.103 -0.335 0.000
0.890 0.615 1.000 0.363 0.009 0.000 -0.108 -0.335 0.000
0.908 0.615 1.000 0.357 -0.008 0.000 -0.113 -0.333 0.000
0.926 0.614 1.000 0.351 -0.024 0.000 -0.117 -0.331 0.000
0.943 0.612 1.000 0.345 -0.041 0.000 -0.121 -0.329 0.000
0.960 0.610 1.000 0.339 -0.057 0.000 -0.126 -0.326 0.000
0.977 0.606 1.000 0.333 -0.073 0.000 -0.130 -0.322 0.000
0.993 0.602 1.000 0.326 -0.089 0.000 -0.134 -0.317 0.000
1.010 0.597 1.000 0.320 -0.105 0.000 -0.137 -0.312 0.000
1.025 0.592 1.000 0.313 -0.121 0.000 -0.141 -0.307 0.000
1.041 0.585 1.000 0.305 -0.136 0.000 -0.144 -0.301 0.000
1.056 0.578 1.000 0.298 -0.151 0.000 -0.147 -0.295 0.000
1.071 0.570 1.000 0.291 -0.165 0.000 -0.150 -0.288 0.000
1.085 0.562 1.000 0.283 -0.180 0.000 -0.153 -0.281 0.000
1.099 0.552 1.000 0.275 -0.193 0.000 -0.156 -0.273 0.000
1.113 0.542 1.000 0.268 -0.207 0.000 -0.159 -0.266 0.000
1.126 0.532 1.000 0.260 -0.220 0.000 -0.161 -0.257 0.000
1.139 0.520 1.000 0.251 -0.233 0.000 -0.163 -0.249 0.000
1.151 0.508 1.000 0.243 -0.245 0.000 -0.166 -0.241 0.000
1.163 0.496 1.000 0.235 -0.257 0.000 -0.168 -0.232 0.000
1.174 0.483 1.000 0.226 -0.268 0.000 -0.169 -0.223 0.000
1.186 0.469 1.000 0.218 -0.279 0.000 -0.171 -0.214 0.000
1.196 0.455 1.000 0.209 -0.289 0.000 -0.173 -0.205 0.000
1.206 0.440 1.000 0.201 -0.299 0.000 -0.174 -0.196 0.000
1.216 0.425 1.000 0.192 -0.309 0.000 -0.176 -0.186 0.000
1.226 0.409 1.000 0.183 -0.318 0.000 -0.177 -0.177 0.000
1.235 0.393 1.000 0.174 -0.327 0.000 -0.178 -0.168 0.000
1.243 0.377 1.000 0.165 -0.335 0.000 -0.179 -0.158 0.000
1.251 0.360 1.000 0.156 -0.343 0.000 -0.180 -0.149 0.000
1.259 0.342 1.000 0.147 -0.350 0.000 -0.180 -0.139 0.000
1.266 0.325 1.000 0.138 -0.356 0.000 -0.181 -0.130 0.000
1.273 0.307 1.000 0.129 -0.363 0.000 -0.181 -0.120 0.000
1.279 0.288 1.000 0.120 -0.368 0.000 -0.182 -0.111 0.000
1.285 0.270 1.000 0.111 -0.374 0.000 -0.182 -0.101 0.000
1.290 0.251 1.000 0.102 -0.379 0.000 -0.182 -0.092 0.000
1.295 0.232 1.000 0.093 -0.383 0.000 -0.182 -0.082 0.000
1.299 0.213 1.000 0.084 -0.387 0.000 -0.182 -0.073 0.000
1.303 0.193 1.000 0.075 -0.390 0.000 -0.182 -0.064 0.000
1.307 0.174 1.000 0.066 -0.393 0.000 -0.182 -0.054 0.000
1.310 0.154 1.000 0.056 -0.396 0.000 -0.182 -0.045 0.000
1.312 0.134 1.000 0.047 -0.398 0.000 -0.181 -0.035 0.000
1.314 0.114 1.000 0.038 -0.399 0.000 -0.181 -0.026 0.000
1.316 0.094 1.000 0.029 -0.400 0.000 -0.180 -0.017 0.000
1.317 0.074 1.000 0.020 -0.401 0.000 -0.179 -0.008 0.000
1.318 0.054 1.000 0.011 -0.401 0.000 -0.178 0.001 0.000
1.319 0.034 1.000 0.003 -0.401 0.000 -0.178 0.011 0.000
1.318 0.014 1.000 -0.006 -0.400 0.000 -0.177 0.019 0.000
1.318 -0.006 1.000 -0.015 -0.399 0.000 -0.176 0.028 0.000
1.317 -0.026 1.000 -0.024 -0.397 0.000 -0.174 0.037 0.000
1.315 -0.046 1.000 -0.033 -0.395 0.000 -0.173 0.046 0.000
1.314 -0.065 1.000 -0.041 -0.393 0.000 -0.172 0.055 0.000
1.311 -0.085 1.000 -0.050 -0.390 0.000 -0.171 0.063 0.000
1.309 -0.104 1.000 -0.058 -0.386 0.000 -0.169 0.072 0.000
1.306 -0.123 1.000 -0.067 -0.382 0.000 -0.168 0.080 0.000
1.302 -0.142 1.000 -0.075 -0.378 0.000 -0.166 0.088 0.000
1.298 -0.161 1.000 -0.083 -0.374 0.000 -0.165 0.096 0.000
1.294 -0.180 1.000 -0.092 -0.369 0.000 -0.163 0.104 0.000
1.289 -0.198 1.000 -0.100 -0.363 0.000 -0.162 0.112 0.000
1.284 -0.216 1.000 -0.108 -0.358 0.000 -0.160 0.120 0.000
1.278 -0.234 1.000 -0.116 -0.351 0.000 -0.158 0.127 0.000
1.272 -0.251 1.000 -0.124 -0.345 0.000 -0.156 0.134 0.000
1.266 -0.268 1.000 -0.131 -0.338 0.000 -0.154 0.142 0.000
1.259 -0.285 1.000 -0.139 -0.331 0.000 -0.152 0.149 0.000
1.252 -0.301 1.000 -0.147 -0.323 0.000 -0.150 0.156 0.000
1.244 -0.317 1.000 -0.154 -0.315 0.000 -0.148 0.162 0.000
1.236 -0.333 1.000 -0.161 -0.307 0.000 -0.146 0.169 0.000
1.228 -0.348 1.000 -0.169 -0.298 0.000 -0.144 0.175 0.000
1.220 -0.363 1.000 -0.176 -0.289 0.000 -0.142 0.181 0.000
1.211 -0.377 1.000 -0.183 -0.280 0.000 -0.140 0.187 0.000
1.201 -0.391 1.000 -0.190 -0.271 0.000 -0.138 0.193 0.000
1.192 -0.404 1.000 -0.197 -0.261 0.000 -0.136 0.198 0.000
1.182 -0.417 1.000 -0.203 -0.251 0.000 -0.134 0.204 0.000
1.171 -0.429 1.000 -0.210 -0.240 0.000 -0.131 0.209 0.000
1.161 -0.441 1.000 -0.217 -0.230 0.000 -0.129 0.214 0.000
1.150 -0.452 1.000 -0.223 -0.219 0.000 -0.127 0.218 0.000
1.138 -0.463 1.000 -0.229 -0.208 0.000 -0.125 0.223 0.000
1.127 -0.473 1.000 -0.235 -0.197 0.000 -0.122 0.227 0.000
1.115 -0.482 1.000 -0.241 -0.185 0.000 -0.120 0.231 0.000
1.103 -0.491 1.000 -0.247 -0.174 0.000 -0.118 0.234 0.000
1.090 -0.500 1.000 -0.253 -0.162 0.000 -0.115 0.238 0.000
1.077 -0.508 1.000 -0.259 -0.150 0.000 -0.113 0.241 0.000
1.064 -0.515 1.000 -0.265 -0.138 0.000 -0.111 0.244 0.000
1.051 -0.521 1.000 -0.270 -0.126 0.000 -0.109 0.246 0.000
1.037 -0.527 1.000 -0.275 -0.113 0.000 -0.106 0.248 0.000
1.023 -0.533 1.000 -0.281 -0.101 0.000 -0.104 0.250 0.000
1.009 -0.537 1.000 -0.286 -0.088 0.000 -0.102 0.252 0.000
0.995 -0.542 1.000 -0.291 -0.076 0.000 -0.099 0.254 0.000
0.980 -0.545 1.000 -0.296 -0.063 0.000 -0.097 0.255 0.000
0.965 -0.548 1.000 -0.301 -0.050 0.000 -0.095 0.255 0.000
0.950 -0.550 1.000 -0.305 -0.037 0.000 -0.093 0.256 0.000
0.935 -0.552 1.000 -0.310 -0.025 0.000 -0.091 0.256 0.000
0.919 -0.552 1.000 -0.314 -0.012 0.000 -0.088 0.256 0.000
0.903 -0.553 1.000 -0.319 0.001 0.000 -0.086 0.255 0.000
0.887 -0.552 1.000 -0.323 0.014 0.000 -0.084 0.254 0.000
0.871 -0.551 1.000 -0.327 0.026 0.000 -0.082 0.253 0.000
0.854 -0.550 1.000 -0.331 0.039 0.000 -0.080 0.252 0.000
0.838 -0.547 1.000 -0.335 0.052 0.000 -0.078 0.250 0.000
0.821 -0.545 1.000 -0.339 0.064 0.000 -0.076 0.248 0.000
0.804 -0.541 1.000 -0.343 0.076 0.000 -0.074 0.246 0.000
0.787 -0.537 1.000 -0.346 0.089 0.000 -0.072 0.243 0.000
0.769 -0.532 1.000 -0.350 0.101 0.000 -0.070 0.241 0.000
0.752 -0.527 1.000 -0.353 0.113 0.000 -0.068 0.238 0.000
0.734 -0.521 1.000 -0.357 0.125 0.000 -0.066 0.234 0.000
0.716 -0.514 1.000 -0.360 0.136 0.000 -0.064 0.231 0.000
0.698 -0.507 1.000 -0.363 0.148 0.000 -0.062 0.227 0.000
0.680 -0.500 1.000 -0.366 0.159 0.000 -0.060 0.223 0.000
0.661 -0.491 1.000 -0.369 0.170 0.000 -0.058 0.219 0.000
0.643 -0.483 1.000 -0.372 0.181 0.000 -0.056 0.214 0.000
0.624 -0.473 1.000 -0.375 0.191 0.000 -0.054 0.210 0.000
0.605 -0.463 1.000 -0.377 0.202 0.000 -0.052 0.205 0.000
0.586 -0.453 1.000 -0.380 0.212 0.000 -0.051 0.200 0.000
0.567 -0.442 1.000 -0.382 0.222 0.000 -0.049 0.195 0.000
0.548 -0.431 1.000 -0.385 0.231 0.000 -0.047 0.190 0.000
0.529 -0.419 1.000 -0.387 0.241 0.000 -0.045 0.184 0.000
0.510 -0.407 1.000 -0.389 0.250 0.000 -0.043 0.178 0.000
0.490 -0.394 1.000 -0.391 0.259 0.000 -0.041 0.172 0.000
0.470 -0.381 1.000 -0.393 0.267 0.000 -0.040 0.166 0.000
0.451 -0.367 1.000 -0.395 0.275 0.000 -0.038 0.160 0.000
0.431 -0.354 1.000 -0.397 0.283 0.000 -0.036 0.154 0.000
0.411 -0.339 1.000 -0.399 0.291 0.000 -0.034 0.147 0.000
0.391 -0.324 1.000 -0.401 0.298 0.000 -0.033 0.141 0.000
0.371 -0.309 1.000 -0.402 0.305 0.000 -0.031 0.134 0.000
0.351 -0.294 1.000 -0.404 0.311 0.000 -0.029 0.127 0.000
0.331 -0.278 1.000 -0.405 0.317 0.000 -0.027 0.120 0.000
0.310 -0.262 1.000 -0.406 0.323 0.000 -0.026 0.113 0.000
0.290 -0.246 1.000 -0.408 0.329 0.000 -0.024 0.106 0.000
0.270 -0.229 1.000 -0.409 0.334 0.000 -0.022 0.099 0.000
0.249 -0.213 1.000 -0.410 0.339 0.000 -0.020 0.091 0.000
0.229 -0.196 1.000 -0.411 0.343 0.000 -0.019 0.084 0.000
0.208 -0.178 1.000 -0.412 0.347 0.000 -0.017 0.077 0.000
0.187 -0.161 1.000 -0.413 0.351 0.000 -0.015 0.069 0.000
0.167 -0.143 1.000 -0.413 0.354 0.000 -0.014 0.061 0.000
0.146 -0.126 1.000 -0.414 0.357 0.000 -0.012 0.054 0.000
0.125 -0.108 1.000 -0.414 0.359 0.000 -0.010 0.046 0.000
0.105 -0.090 1.000 -0.415 0.361 0.000 -0.009 0.038 0.000
0.084 -0.072 1.000 -0.415 0.363 0.000 -0.007 0.031 0.000
0.063 -0.053 1.000 -0.416 0.364 0.000 -0.005 0.023 0.000
0.042 -0.035 1.000 -0.416 0.365 0.000 -0.004 0.015 0.000
0.021 -0.017 1.000 -0.416 0.366 0.000 -0.002 0.007 0.000
0.001 0.002 1.000 -0.416 0.366 0.000 -0.000 -0.001 0.000
-0.020 0.020 1.000 -0.416 0.366 0.000 0.001 -0.008 0.000
-0.041 0.038 1.000 -0.416 0.365 0.000 0.003 -0.016 0.000
-0.062 0.056 1.000 -0.416 0.364 0.000 0.005 -0.024 0.000
-0.082 0.074 1.000 -0.415 0.363 0.000 0.006 -0.032 0.000
-0.103 0.093 1.000 -0.415 0.361 0.000 0.008 -0.040 0.000
-0.124 0.111 1.000 -0.415 0.359 0.000 0.010 -0.047 0.000
-0.145 0.128 1.000 -0.414 0.356 0.000 0.012 -0.055 0.000
-0.165 0.146 1.000 -0.413 0.353 0.000 0.013 -0.063 0.000
-0.186 0.164 1.000 -0.413 0.350 0.000 0.015 -0.070 0.000
-0.207 0.181 1.000 -0.412 0.346 0.000 0.017 -0.078 0.000
-0.227 0.198 1.000 -0.411 0.342 0.000 0.018 -0.085 0.000
-0.248 0.215 1.000 -0.410 0.338 0.000 0.020 -0.093 0.000
-0.268 0.232 1.000 -0.409 0.333 0.000 0.022 -0.100 0.000
-0.289 0.249 1.000 -0.408 0.328 0.000 0.023 -0.107 0.000
-0.309 0.265 1.000 -0.407 0.322 0.000 0.025 -0.114 0.000
-0.329 0.281 1.000 -0.405 0.316 0.000 0.027 -0.121 0.000
-0.350 0.297 1.000 -0.404 0.310 0.000 0.029 -0.128 0.000
-0.370 0.312 1.000 -0.403 0.304 0.000 0.030 -0.135 0.000
-0.390 0.327 1.000 -0.401 0.297 0.000 0.032 -0.142 0.000
-0.410 0.342 1.000 -0.399 0.289 0.000 0.034 -0.148 0.000
-0.430 0.356 1.000 -0.398 0.282 0.000 0.036 -0.155 0.000
-0.450 0.370 1.000 -0.396 0.274 0.000 0.037 -0.161 0.000
-0.469 0.383 1.000 -0.394 0.266 0.000 0.039 -0.167 0.000
-0.489 0.396 1.000 -0.392 0.257 0.000 0.041 -0.173 0.000
-0.509 0.409 1.000 -0.390 0.248 0.000 0.043 -0.179 0.000
-0.528 0.421 1.000 -0.388 0.239 0.000 0.045 -0.185 0.000
-0.547 0.433 1.000 -0.385 0.230 0.000 0.046 -0.190 0.000
-0.567 0.444 1.000 -0.383 0.220 0.000 0.048 -0.196 0.000
-0.586 0.455 1.000 -0.380 0.210 0.000 0.050 -0.201 0.000
-0.605 0.465 1.000 -0.378 0.200 0.000 0.052 -0.206 0.000
-0.623 0.475 1.000 -0.375 0.190 0.000 0.054 -0.211 0.000
-0.642 0.484 1.000 -0.373 0.179 0.000 0.056 -0.215 0.000
-0.661 0.493 1.000 -0.370 0.168 0.000 0.058 -0.220 0.000
-0.679 0.501 1.000 -0.367 0.157 0.000 0.060 -0.224 0.000
-0.697 0.509 1.000 -0.364 0.146 0.000 0.062 -0.228 0.000
-0.715 0.516 1.000 -0.361 0.134 0.000 0.063 -0.231 0.000
-0.733 0.522 1.000 -0.357 0.123 0.000 0.065 -0.235 0.000
-0.751 0.528 1.000 -0.354 0.111 0.000 0.067 -0.238 0.000
-0.769 0.533 1.000 -0.351 0.099 0.000 0.069 -0.241 0.000
-0.786 0.538 1.000 -0.347 0.087 0.000 0.071 -0.244 0.000
-0.803 0.542 1.000 -0.344 0.075 0.000 0.073 -0.246 0.000
-0.821 0.545 1.000 -0.340 0.062 0.000 0.076 -0.248 0.000
-0.837 0.548 1.000 -0.336 0.050 0.000 0.078 -0.250 0.000
-0.854 0.550 1.000 -0.332 0.037 0.000 0.080 -0.252 0.000
-0.871 0.552 1.000 -0.328 0.025 0.000 0.082 -0.253 0.000
-0.887 0.553 1.000 -0.324 0.012 0.000 0.084 -0.254 0.000
-0.903 0.553 1.000 -0.320 -0.001 0.000 0.086 -0.255 0.000
-0.919 0.553 1.000 -0.315 -0.014 0.000 0.088 -0.256 0.000
-0.935 0.552 1.000 -0.311 -0.026 0.000 0.090 -0.256 0.000
-0.950 0.550 1.000 -0.306 -0.039 0.000 0.093 -0.256 0.000
-0.965 0.548 1.000 -0.302 -0.052 0.000 0.095 -0.255 0.000
-0.980 0.545 1.000 -0.297 -0.065 0.000 0.097 -0.254 0.000
-0.995 0.541 1.000 -0.292 -0.077 0.000 0.099 -0.253 0.000
-1.009 0.537 1.000 -0.287 -0.090 0.000 0.102 -0.252 0.000
-1.024 0.532 1.000 -0.282 -0.103 0.000 0.104 -0.250 0.000
-1.037 0.527 1.000 -0.276 -0.115 0.000 0.106 -0.248 0.000
-1.051 0.521 1.000 -0.271 -0.127 0.000 0.108 -0.246 0.000
-1.065 0.514 1.000 -0.266 -0.140 0.000 0.111 -0.243 0.000
-1.078 0.507 1.000 -0.260 -0.152 0.000 0.113 -0.240 0.000
-1.091 0.499 1.000 -0.254 -0.164 0.000 0.115 -0.237 0.000
-1.103 0.490 1.000 -0.248 -0.175 0.000 0.118 -0.234 0.000
-1.115 0.481 1.000 -0.242 -0.187 0.000 0.120 -0.230 0.000
-1.127 0.472 1.000 -0.236 -0.198 0.000 0.122 -0.226 0.000
-1.139 0.462 1.000 -0.230 -0.210 0.000 0.125 -0.222 0.000
-1.150 0.451 1.000 -0.224 -0.221 0.000 0.127 -0.217 0.000
-1.161 0.440 1.000 -0.218 -0.231 0.000 0.129 -0.213 0.000
-1.172 0.428 1.000 -0.211 -0.242 0.000 0.131 -0.208 0.000
-1.183 0.415 1.000 -0.204 -0.252 0.000 0.134 -0.203 0.000
-1.193 0.402 1.000 -0.198 -0.262 0.000 0.136 -0.197 0.000
-1.202 0.389 1.000 -0.191 -0.272 0.000 0.138 -0.192 0.000
-1.212 0.375 1.000 -0.184 -0.281 0.000 0.140 -0.186 0.000
-1.221 0.361 1.000 -0.177 -0.290 0.000 0.142 -0.180 0.000
-1.229 0.346 1.000 -0.170 -0.299 0.000 0.145 -0.174 0.000
-1.238 0.331 1.000 -0.162 -0.308 0.000 0.147 -0.167 0.000
-1.246 0.316 1.000 -0.155 -0.316 0.000 0.149 -0.161 0.000
-1.253 0.300 1.000 -0.147 -0.324 0.000 0.151 -0.154 0.000
-1.260 0.283 1.000 -0.140 -0.331 0.000 0.153 -0.147 0.000
-1.267 0.266 1.000 -0.132 -0.338 0.000 0.155 -0.140 0.000
-1.274 0.249 1.000 -0.124 -0.345 0.000 0.156 -0.133 0.000
-1.280 0.232 1.000 -0.117 -0.352 0.000 0.158 -0.125 0.000
-1.285 0.214 1.000 -0.109 -0.358 0.000 0.160 -0.118 0.000
-1.290 0.196 1.000 -0.101 -0.364 0.000 0.162 -0.110 0.000
-1.295 0.178 1.000 -0.092 -0.369 0.000 0.164 -0.102 0.000
-1.300 0.159 1.000 -0.084 -0.374 0.000 0.165 -0.094 0.000
-1.304 0.140 1.000 -0.076 -0.378 0.000 0.167 -0.086 0.000
-1.307 0.121 1.000 -0.068 -0.382 0.000 0.168 -0.078 0.000
-1.310 0.102 1.000 -0.059 -0.386 0.000 0.170 -0.070 0.000
-1.313 0.083 1.000 -0.051 -0.389 0.000 0.171 -0.061 0.000
-1.315 0.063 1.000 -0.042 -0.392 0.000 0.172 -0.053 0.000
-1.317 0.044 1.000 -0.033 -0.395 0.000 0.174 -0.044 0.000
-1.319 0.024 1.000 -0.025 -0.397 0.000 0.175 -0.035 0.000
-1.320 0.004 1.000 -0.016 -0.398 0.000 0.176 -0.027 0.000
-1.320 -0.016 1.000 -0.007 -0.399 0.000 0.177 -0.018 0.000
-1.321 -0.036 1.000 0.002 -0.400 0.000 0.178 -0.009 0.000
-1.320 -0.056 1.000 0.011 -0.400 0.000 0.179 0.000 0.000
-1.319 -0.076 1.000 0.020 -0.400 0.000 0.180 0.009 0.000
-1.318 -0.096 1.000 0.029 -0.399 0.000 0.180 0.019 0.000
-1.317 -0.116 1.000 0.038 -0.398 0.000 0.181 0.028 0.000
-1.314 -0.136 1.000 0.047 -0.396 0.000 0.182 0.037 0.000
-1.312 -0.156 1.000 0.056 -0.394 0.000 0.182 0.046 0.000
-1.309 -0.175 1.000 0.065 -0.392 0.000 0.182 0.056 0.000
-1.305 -0.195 1.000 0.074 -0.389 0.000 0.183 0.065 0.000
-1.301 -0.214 1.000 0.083 -0.385 0.000 0.183 0.074 0.000
-1.297 -0.233 1.000 0.093 -0.381 0.000 0.183 0.084 0.000
-1.292 -0.252 1.000 0.102 -0.377 0.000 0.183 0.093 0.000
-1.287 -0.271 1.000 0.111 -0.372 0.000 0.183 0.103 0.000
-1.281 -0.289 1.000 0.120 -0.367 0.000 0.182 0.112 0.000
-1.275 -0.308 1.000 0.129 -0.361 0.000 0.182 0.121 0.000
-1.268 -0.326 1.000 0.138 -0.355 0.000 0.182 0.131 0.000
-1.261 -0.343 1.000 0.147 -0.348 0.000 0.181 0.140 0.000
-1.253 -0.360 1.000 0.156 -0.341 0.000 0.180 0.149 0.000
-1.245 -0.377 1.000 0.165 -0.333 0.000 0.179 0.159 0.000
-1.237 -0.394 1.000 0.174 -0.325 0.000 0.179 0.168 0.000
-1.228 -0.410 1.000 0.183 -0.316 0.000 0.177 0.177 0.000
-1.219 -0.425 1.000 0.192 -0.307 0.000 0.176 0.186 0.000
-1.209 -0.440 1.000 0.201 -0.297 0.000 0.175 0.196 0.000
-1.199 -0.455 1.000 0.209 -0.287 0.000 0.173 0.205 0.000
-1.188 -0.469 1.000 0.218 -0.277 0.000 0.172 0.214 0.000
-1.177 -0.482 1.000 0.227 -0.266 0.000 0.170 0.223 0.000
-1.165 -0.495 1.000 0.235 -0.255 0.000 0.168 0.231 0.000
-1.153 -0.508 1.000 0.243 -0.243 0.000 0.166 0.240 0.000
-1.141 -0.520 1.000 0.252 -0.231 0.000 0.164 0.248 0.000
-1.128 -0.531 1.000 0.260 -0.218 0.000 0.162 0.256 0.000
-1.115 -0.542 1.000 0.268 -0.205 0.000 0.159 0.264 0.000
-1.101 -0.551 1.000 0.276 -0.192 0.000 0.157 0.272 0.000
-1.087 -0.561 1.000 0.284 -0.178 0.000 0.154 0.279 0.000
-1.073 -0.570 1.000 0.291 -0.164 0.000 0.151 0.286 0.000
-1.058 -0.578 1.000 0.299 -0.149 0.000 0.148 0.293 0.000
-1.043 -0.585 1.000 0.306 -0.134 0.000 0.145 0.299 0.000
-1.028 -0.591 1.000 0.313 -0.119 0.000 0.141 0.305 0.000
-1.012 -0.597 1.000 0.320 -0.104 0.000 0.138 0.310 0.000
-0.996 -0.602 1.000 0.327 -0.088 0.000 0.134 0.315 0.000
-0.979 -0.606 1.000 0.334 -0.072 0.000 0.130 0.319 0.000
-0.962 -0.608 1.000 0.340 -0.056 0.000 0.126 0.323 0.000
-0.945 -0.611 1.000 0.346 -0.040 0.000 0.122 0.326 0.000
-0.928 -0.612 1.000 0.352 -0.024 0.000 0.118 0.329 0.000
-0.910 -0.613 1.000 0.358 -0.007 0.000 0.113 0.331 0.000
-0.892 -0.613 1.000 0.363 0.009 0.000 0.108 0.332 0.000
-0.874 -0.612 1.000 0.369 0.026 0.000 0.103 0.332 0.000
-0.855 -0.610 1.000 0.374 0.042 0.000 0.098 0.332 0.000
-0.836 -0.608 1.000 0.379 0.059 0.000 0.093 0.331 0.000
-0.817 -0.605 1.000 0.383 0.075 0.000 0.088 0.329 0.000
-0.798 -0.600 1.000 0.387 0.092 0.000 0.082 0.327 0.000
-0.778 -0.595 1.000 0.391 0.108 0.000 0.076 0.323 0.000
-0.759 -0.590 1.000 0.395 0.124 0.000 0.070 0.319 0.000
-0.739 -0.583 1.000 0.398 0.140 0.000 0.064 0.313 0.000
-0.719 -0.576 1.000 0.401 0.156 0.000 0.057 0.307 0.000
-0.699 -0.567 1.000 0.404 0.171 0.000 0.050 0.300 0.000
-0.679 -0.559 1.000 0.406 0.186 0.000 0.044 0.292 0.000
-0.658 -0.549 1.000 0.408 0.200 0.000 0.037 0.283 0.000
-0.638 -0.540 1.000 0.410 0.214 0.000 0.029 0.272 0.000
-0.617 -0.529 1.000 0.411 0.227 0.000 0.022 0.261 0.000
-0.597 -0.517 1.000 0.412 0.240 0.000 0.014 0.249 0.000
-0.576 -0.505 1.000 0.413 0.252 0.000 0.006 0.236 0.000
-0.555 -0.492 1.000 0.413 0.263 0.000 -0.002 0.222 0.000
-0.535 -0.479 1.000 0.412 0.274 0.000 -0.010 0.207 0.000
-0.514 -0.465 1.000 0.412 0.284 0.000 -0.019 0.191 0.000
-0.494 -0.450 1.000 0.410 0.293 0.000 -0.028 0.175 0.000
-0.473 -0.434 1.000 0.409 0.301 0.000 -0.037 0.158 0.000
-0.453 -0.419 1.000 0.407 0.309 0.000 -0.046 0.140 0.000
-0.432 -0.403 1.000 0.404 0.315 0.000 -0.056 0.122 0.000
-0.412 -0.387 1.000 0.401 0.321 0.000 -0.065 0.104 0.000
-0.392 -0.371 1.000 0.398 0.326 0.000 -0.075 0.085 0.000
-0.372 -0.354 1.000 0.394 0.330 0.000 -0.086 0.065 0.000
-0.353 -0.338 1.000 0.389 0.332 0.000 -0.096 0.046 0.000
-0.334 -0.321 1.000 0.384 0.334 0.000 -0.107 0.025 0.000
-0.315 -0.304 1.000 0.378 0.335 0.000 -0.118 0.005 0.000
-0.296 -0.287 1.000 0.372 0.335 0.000 -0.129 -0.016 0.000
-0.277 -0.270 1.000 0.366 0.333 0.000 -0.140 -0.037 0.000
-0.259 -0.254 1.000 0.358 0.331 0.000 -0.152 -0.057 0.000
-0.241 -0.237 1.000 0.350 0.328 0.000 -0.164 -0.078 0.000
-0.224 -0.221 1.000 0.342 0.323 0.000 -0.176 -0.099 0.000
-0.207 -0.205 1.000 0.333 0.318 0.000 -0.189 -0.120 0.000
-0.191 -0.189 1.000 0.323 0.311 0.000 -0.202 -0.140 0.000
-0.175 -0.174 1.000 0.312 0.304 0.000 -0.215 -0.161 0.000
-0.160 -0.160 1.000 0.301 0.295 0.000 -0.229 -0.182 0.000
-0.145 -0.145 1.000 0.290 0.286 0.000 -0.242 -0.202 0.000
-0.131 -0.131 1.000 0.277 0.275 0.000 -0.255 -0.221 0.000
-0.117 -0.118 1.000 0.264 0.264 0.000 -0.267 -0.239 0.000
-0.104 -0.105 1.000 0.251 0.251 0.000 -0.278 -0.255 0.000
-0.092 -0.092 1.000 0.236 0.238 0.000 -0.289 -0.270 0.000
-0.081 -0.081 1.000 0.222 0.224 0.000 -0.298 -0.285 0.000
-0.070 -0.070 1.000 0.207 0.210 0.000 -0.307 -0.297 0.000
-0.060 -0.062 1.000 0.191 0.194 0.000 -0.315 -0.309 0.000
-0.051 -0.053 1.000 0.175 0.179 0.000 -0.320 -0.317 0.000
-0.043 -0.044 1.000 0.159 0.163 0.000 -0.323 -0.322 0.000
-0.035 -0.036 1.000 0.143 0.147 0.000 -0.322 -0.324 0.000
-0.028 -0.029 1.000 0.127 0.130 0.000 -0.319 -0.323 0.000
-0.022 -0.023 1.000 0.111 0.114 0.000 -0.314 -0.319 0.000
-0.017 -0.018 1.000 0.095 0.098 0.000 -0.305 -0.312 0.000
-0.013 -0.013 1.000 0.080 0.083 0.000 -0.294 -0.302 0.000
-0.009 -0.009 1.000 0.066 0.069 0.000 -0.280 -0.288 0.000
-0.006 -0.006 1.000 0.052 0.055 0.000 -0.261 -0.269 0.000
-0.004 -0.004 1.000 0.040 0.042 0.000 -0.238 -0.246 0.000
-0.002 -0.002 1.000 0.029 0.030 0.000 -0.210 -0.218 0.000
-0.001 -0.001 1.000 0.019 0.020 0.000 -0.178 -0.184 0.000
-0.001 0.000 1.000 0.011 0.012 0.000 -0.140 -0.146 0.000
-0.000 0.000 1.000 0.005 0.005 0.000 -0.098 -0.103 0.000
-0.000 0.001 1.000 0.001 0.002 0.000 -0.052 -0.054 0.000
0.000 0.001 1.000 -0.000 0.000 0.000 0.000 0.000 0.000
